estado;ocupacao_cli_total;ocupacao_uti_total;ocupacao_covid_uti;ocupacao_covid_cli;percentual_uti
Acre;172732.0;32765.0;953.0;2742.0;0.029085914848161146
Alagoas;740177.0;246251.0;7568.0;9637.0;0.030732870120324385
Amapá;82641.0;37791.0;705.0;2775.0;0.018655235373501628
Amazonas;1222696.8;288647.0;7713.0;15979.0;0.026721220036930924
Bahia;2141155.36;1084243.91;65231.0;57769.0;0.060162662108012216
Ceará;3062108.0;915399.1;38589.0;100103.0;0.0421553833732194
Distrito Federal;1496394.0;398606.0;17536.0;30646.0;0.043993316708729927
Espírito Santo;1319691.74;732468.73;48397.0;58134.0;0.06607381041372237
GOIAS;16554.0;6865.0;0.0;0.0;0.0
Goiás;2693012.0;1216901.0;177530.0;163058.0;0.1458869702629877
Maranhão;1155255.0;365187.0;20010.0;34744.0;0.054793845344987636
Mato Grosso;548080.0;261002.0;9569.0;10905.0;0.03666255430992866
Mato Grosso do Sul;1180018.0;425868.0;35323.0;38354.0;0.08294354119116722
Minas Gerais;49518304.410000004;2623973.67;116351.02;190718.0;0.044341534875233714
Paraná;53229426.0;1383257.0;121538.0;110348.0;0.08786364356009042
Paraíba;495845.0;231877.0;10845.0;12979.0;0.04677048607666996
Pará;987563.0;379165.0;12964.0;13965.0;0.034190919520525366
Pernambuco;2962281.0;1289578.0;154091.0;92276.0;0.11948947640235798
Piauí;891226.0;269689.0;12042.0;21446.0;0.044651431834446344
Rio Grande do Norte;409928.0;171431.0;17009.0;20385.0;0.09921776108171801
Rio Grande do Sul;3967678.0;1087033.0;7020.0;12908.0;0.006457945618946251
Rio de Janeiro;5114404.21;1980032.0;122527.0;109325.0;0.06188132313013123
Rondônia;564517.0;174572.0;10067.0;12167.0;0.05766675068166716
Roraima;107924.0;30623.0;1824.0;663.0;0.059563073506841265
Santa Catarina;3974328.302;1193705.05;60421.0;81108.0;0.0506163561928468
Sergipe;541875.01;245212.0;8183.0;7410.0;0.033371123762295486
São Paulo;10067226.27;4459733.83;706670.0;885962.0;0.15845564487421437
Tocantins;708918.0;185923.0;6306.0;7280.0;0.03391726682551379
